L -0.288760 -0.452819 1477010443050000 0.000000 0.000000 7.642692 2.364162
R 0.746339 0.346883 8.398531 1477010443100000 0.382135 0.118208 7.621105 2.432849
L 0.698751 0.228917 1477010443150000 0.763190 0.239851 7.598901 2.501340
R 1.112504 0.350047 8.260294 1477010443200000 1.143135 0.364918 7.576082 2.569628
L 1.530696 0.599617 1477010443250000 1.521939 0.493399 7.552649 2.637707
R 2.407930 0.329236 7.671429 1477010443300000 1.899571 0.625284 7.528604 2.705573
L 2.264782 0.696564 1477010443350000 2.276002 0.760563 7.503949 2.773220
R 2.321992 0.265624 8.039430 1477010443400000 2.651199 0.899224 7.478686 2.840643
L 2.868326 1.103404 1477010443450000 3.025133 1.041256 7.452818 2.907835
R 3.358964 0.360091 8.257424 1477010443500000 3.397774 1.186648 7.426346 2.974792
L 3.826431 1.155498 1477010443550000 3.769092 1.335387 7.399272 3.041507
R 3.785842 0.409256 7.972302 1477010443600000 4.139055 1.487463 7.371600 3.107977
L 4.815025 1.607221 1477010443650000 4.507635 1.642862 7.343330 3.174194
R 4.843318 0.354115 7.614128 1477010443700000 4.874802 1.801571 7.314465 3.240155
L 5.247567 2.210463 1477010443750000 5.240525 1.963579 7.285008 3.305853
R 6.265848 0.456029 8.090527 1477010443800000 5.604775 2.128872 7.254960 3.371283
L 6.019768 2.162018 1477010443850000 5.967523 2.297436 7.224325 3.436440
R 6.514493 0.380296 7.707429 1477010443900000 6.328740 2.469258 7.193105 3.501319
L 6.641401 2.598693 1477010443950000 6.688395 2.644324 7.161302 3.565915
R 7.244154 0.451209 7.385585 1477010444000000 7.046460 2.822620 7.128920 3.630221
L 7.426334 3.154176 1477010444050000 7.402906 3.004131 7.095959 3.694233
R 8.728798 0.377557 7.651266 1477010444100000 7.757704 3.188842 7.062424 3.757947
L 8.482528 3.710151 1477010444150000 8.110825 3.376740 7.028317 3.821355
R 9.237637 0.400548 7.993081 1477010444200000 8.462241 3.567807 6.993641 3.884455
L 8.645069 3.759665 1477010444250000 8.811923 3.762030 6.958398 3.947239
R 10.320604 0.431487 7.664743 1477010444300000 9.159843 3.959392 6.922592 4.009704
L 9.628443 4.036650 1477010444350000 9.505973 4.159877 6.886224 4.071844
R 10.281020 0.428798 8.142644 1477010444400000 9.850284 4.363470 6.849299 4.133654
L 10.422084 4.444172 1477010444450000 10.192749 4.570152 6.811820 4.195130
R 11.899036 0.443565 8.013496 1477010444500000 10.533340 4.779909 6.773788 4.256265
L 10.810797 4.958400 1477010444550000 10.872029 4.992722 6.735208 4.317056
R 12.520002 0.445886 7.554525 1477010444600000 11.208789 5.208575 6.696082 4.377498
L 11.455237 5.415300 1477010444650000 11.543594 5.427450 6.656414 4.437584
R 13.454503 0.458623 7.898563 1477010444700000 11.876414 5.649329 6.616207 4.497311
L 12.169313 6.119006 1477010444750000 12.207225 5.874194 6.575463 4.556674
R 13.802104 0.429232 7.757330 1477010444800000 12.535998 6.102028 6.534188 4.615668
L 12.917925 6.333716 1477010444850000 12.862707 6.332812 6.492382 4.674288
R 14.564271 0.447625 8.048385 1477010444900000 13.187326 6.566526 6.450052 4.732529
L 13.584218 6.853265 1477010444950000 13.509829 6.803152 6.407198 4.790387
R 15.233416 0.471457 8.246721 1477010445000000 13.830189 7.042672 6.363826 4.847857
L 14.037995 7.547056 1477010445050000 14.148380 7.285065 6.319938 4.904935
R 16.381601 0.509715 7.550625 1477010445100000 14.464377 7.530311 6.275538 4.961615
L 14.993078 7.793189 1477010445150000 14.778154 7.778392 6.230630 5.017893
R 17.230414 0.512008 8.347591 1477010445200000 15.089685 8.029287 6.185217 5.073765
L 15.382580 8.388911 1477010445250000 15.398946 8.282975 6.139303 5.129225
R 17.960939 0.454128 7.498476 1477010445300000 15.705911 8.539436 6.092892 5.184271
L 15.807881 8.789805 1477010445350000 16.010556 8.798650 6.045988 5.238896
R 18.758128 0.525173 8.144114 1477010445400000 16.312855 9.060595 5.998594 5.293097
L 16.667070 9.146977 1477010445450000 16.612785 9.325250 5.950713 5.346869
R 20.005276 0.523748 7.639233 1477010445500000 16.910321 9.592593 5.902351 5.400208
L 16.972517 9.961650 1477010445550000 17.205438 9.862603 5.853511 5.453110
R 19.778292 0.563537 7.872959 1477010445600000 17.498114 10.135259 5.804197 5.505570
L 17.526350 10.350624 1477010445650000 17.788324 10.410537 5.754412 5.557584
R 21.571534 0.477049 7.609858 1477010445700000 18.076044 10.688417 5.704161 5.609148
L 18.038922 10.988511 1477010445750000 18.361252 10.968874 5.653449 5.660258
R 22.336485 0.541281 7.700473 1477010445800000 18.643925 11.251887 5.602278 5.710909
L 18.870956 11.490631 1477010445850000 18.924039 11.537432 5.550654 5.761097
R 22.433521 0.571853 8.042947 1477010445900000 19.201571 11.825487 5.498580 5.810819
L 19.109744 11.705460 1477010445950000 19.476500 12.116028 5.446060 5.860070
R 23.624910 0.591071 7.249420 1477010446000000 19.748803 12.409032 5.393100 5.908847
L 19.965519 12.748911 1477010446050000 20.018458 12.704474 5.339703 5.957145
R 24.296854 0.572252 7.767143 1477010446100000 20.285443 13.002331 5.285873 6.004960
L 20.506819 13.412988 1477010446150000 20.549737 13.302579 5.231615 6.052289
R 24.838605 0.569471 7.547337 1477010446200000 20.811318 13.605194 5.176933 6.099128
L 20.953479 14.005999 1477010446250000 21.070165 13.910150 5.121832 6.145473
R 25.706701 0.594221 7.538627 1477010446300000 21.326256 14.217424 5.066316 6.191320
L 21.683084 14.561780 1477010446350000 21.579572 14.526990 5.010390 6.236665
R 26.028984 0.519068 7.457034 1477010446400000 21.830091 14.838823 4.954058 6.281506
L 22.053671 15.461128 1477010446450000 22.077794 15.152898 4.897324 6.325837
R 27.569510 0.629092 8.333321 1477010446500000 22.322660 15.469190 4.840194 6.369656
L 22.475975 15.810965 1477010446550000 22.564670 15.787673 4.782672 6.412960
R 28.159687 0.613665 7.519687 1477010446600000 22.803804 16.108321 4.724762 6.455743
L 23.100123 16.402927 1477010446650000 23.040042 16.431108 4.666470 6.498004
R 29.024496 0.563538 7.694264 1477010446700000 23.273365 16.756008 4.607800 6.539739
L 23.759599 16.987956 1477010446750000 23.503755 17.082995 4.548756 6.580943
R 29.178271 0.642247 7.524752 1477010446800000 23.731193 17.412043 4.489344 6.621615
L 24.027000 17.664385 1477010446850000 23.955660 17.743123 4.429569 6.661750
R 30.260842 0.662912 6.808112 1477010446900000 24.177139 18.076211 4.369435 6.701346
L 24.386816 18.484544 1477010446950000 24.395611 18.411278 4.308946 6.740399
R 30.565122 0.611056 7.746692 1477010447000000 24.611058 18.748298 4.248109 6.778906
L 24.714755 19.127216 1477010447050000 24.823463 19.087243 4.186928 6.816864
R 31.921649 0.683751 6.973335 1477010447100000 25.032810 19.428087 4.125407 6.854270
L 25.267634 19.667645 1477010447150000 25.239080 19.770800 4.063552 6.891121
R 31.786059 0.677805 7.668853 1477010447200000 25.442258 20.115356 4.001369 6.927413
L 25.575943 20.546578 1477010447250000 25.642326 20.461727 3.938861 6.963144
R 33.271332 0.683677 6.842839 1477010447300000 25.839269 20.809884 3.876034 6.998311
L 26.122351 20.948944 1477010447350000 26.033071 21.159800 3.812893 7.032912
R 33.440376 0.664599 7.745992 1477010447400000 26.223716 21.511445 3.749443 7.066943
L 26.498697 22.075006 1477010447450000 26.411188 21.864792 3.685690 7.100401
R 34.556310 0.712038 7.221434 1477010447500000 26.595472 22.219812 3.621637 7.133284
L 26.689723 22.649026 1477010447550000 26.776554 22.576477 3.557292 7.165589
R 35.369424 0.648625 7.484798 1477010447600000 26.954419 22.934756 3.492659 7.197314
L 27.040003 23.579885 1477010447650000 27.129052 23.294622 3.427742 7.228456
R 36.121288 0.721378 6.837093 1477010447700000 27.300439 23.656045 3.362548 7.259013
L 27.630005 24.114973 1477010447750000 27.468566 24.018995 3.297082 7.288982
R 36.554919 0.711287 6.869369 1477010447800000 27.633420 24.383444 3.231348 7.318360
L 28.081302 24.556874 1477010447850000 27.794988 24.749362 3.165353 7.347145
R 37.911597 0.700633 7.960528 1477010447900000 27.953255 25.116720 3.099101 7.375335
L 28.355549 25.626749 1477010447950000 28.108210 25.485486 3.032599 7.402928
R 38.252925 0.724353 7.391451 1477010448000000 28.259840 25.855633 2.965851 7.429921
L 28.459306 26.064722 1477010448050000 28.408133 26.227129 2.898862 7.456313
R 39.357852 0.763357 7.047888 1477010448100000 28.553076 26.599944 2.831639 7.482100
L 28.679961 27.052683 1477010448150000 28.694658 26.974049 2.764186 7.507281
R 39.931084 0.761644 7.194351 1477010448200000 28.832867 27.349413 2.696509 7.531855
L 28.710254 28.010092 1477010448250000 28.967693 27.726006 2.628614 7.555818
R 40.438102 0.735885 7.319809 1477010448300000 29.099123 28.103797 2.560507 7.579169
L 29.001073 28.460414 1477010448350000 29.227149 28.482756 2.492191 7.601907
R 40.328188 0.767725 6.787025 1477010448400000 29.351758 28.862851 2.423674 7.624028
L 29.460872 29.414637 1477010448450000 29.472942 29.244052 2.354961 7.645532
R 42.256431 0.772893 7.475434 1477010448500000 29.590690 29.626329 2.286056 7.666417
L 29.973684 30.178000 1477010448550000 29.704993 30.009650 2.216967 7.686681
R 42.247615 0.778236 7.317787 1477010448600000 29.815841 30.393984 2.147698 7.706322
L 29.689328 30.927283 1477010448650000 29.923226 30.779300 2.078255 7.725339
R 43.291335 0.874516 6.978431 1477010448700000 30.027139 31.165567 2.008644 7.743730
L 30.238963 31.490201 1477010448750000 30.127571 31.552753 1.938870 7.761494
R 43.592816 0.815839 6.701939 1477010448800000 30.224514 31.940828 1.868939 7.778629
L 30.449935 32.461881 1477010448850000 30.317961 32.329759 1.798856 7.795134
R 44.760990 0.816766 6.926844 1477010448900000 30.407904 32.719516 1.728628 7.811008
L 30.409183 33.090363 1477010448950000 30.494336 33.110066 1.658260 7.826249
R 45.421113 0.844022 6.767784 1477010449000000 30.577249 33.501379 1.587758 7.840856
L 30.683467 33.733071 1477010449050000 30.656637 33.893422 1.517127 7.854828
R 46.094808 0.898364 6.911149 1477010449100000 30.732493 34.286163 1.446373 7.868164
L 30.785085 34.624774 1477010449150000 30.804811 34.679571 1.375502 7.880863
R 46.337083 0.857058 6.978517 1477010449200000 30.873587 35.073614 1.304519 7.892923
L 30.972104 35.383172 1477010449250000 30.938813 35.468261 1.233431 7.904344
R 47.415462 0.845328 7.105394 1477010449300000 31.000484 35.863478 1.162243 7.915124
L 30.990790 36.394151 1477010449350000 31.058596 36.259234 1.090961 7.925264
R 47.902421 0.840282 6.710539 1477010449400000 31.113144 36.655497 1.019590 7.934761
L 31.174509 36.972055 1477010449450000 31.164124 37.052235 0.948137 7.943616
R 49.038100 0.833592 6.609889 1477010449500000 31.211531 37.449416 0.876607 7.951827
L 31.257353 37.731377 1477010449550000 31.255361 37.847007 0.805006 7.959395
R 49.498254 0.841836 6.189108 1477010449600000 31.295611 38.244977 0.733340 7.966317
L 31.360831 38.665735 1477010449650000 31.332278 38.643293 0.661614 7.972595
R 50.416286 0.906110 6.628532 1477010449700000 31.365359 39.041923 0.589835 7.978226
L 31.425993 39.509474 1477010449750000 31.394851 39.440834 0.518008 7.983212
R 50.350049 0.918617 6.501456 1477010449800000 31.420751 39.839995 0.446139 7.987550
L 31.524618 40.020939 1477010449850000 31.443058 40.239372 0.374234 7.991242
R 51.688807 0.951554 6.626675 1477010449900000 31.461770 40.638934 0.302299 7.994286
L 31.822977 40.819155 1477010449950000 31.476885 41.038649 0.230339 7.996683
R 51.870165 0.919809 6.647653 1477010450000000 31.488402 41.438483 0.158360 7.998432
L 31.512701 41.894980 1477010450050000 31.496320 41.838404 0.086369 7.999534
R 52.878461 0.913030 6.800224 1477010450100000 31.500638 42.238381 0.014371 7.999987
L 31.691552 42.560404 1477010450150000 31.501357 42.638380 -0.057629 7.999792
R 53.090163 0.923381 6.099181 1477010450200000 31.498475 43.038370 -0.129624 7.998950
L 31.515315 43.425024 1477010450250000 31.491994 43.438318 -0.201608 7.997459
R 54.127596 0.910631 6.312564 1477010450300000 31.481914 43.838191 -0.273576 7.995321
L 31.468547 44.289565 1477010450350000 31.468235 44.237957 -0.345522 7.992535
R 54.718532 0.968336 6.300101 1477010450400000 31.450959 44.637583 -0.417440 7.989102
L 31.248508 45.007263 1477010450450000 31.430087 45.037038 -0.489324 7.985021
R 55.738602 0.994479 6.453836 1477010450500000 31.405620 45.436289 -0.561168 7.980294
L 31.137624 45.922595 1477010450550000 31.377562 45.835304 -0.632967 7.974920
R 56.120026 0.971386 5.728640 1477010450600000 31.345914 46.234050 -0.704715 7.968901
L 31.504884 46.528091 1477010450650000 31.310678 46.632495 -0.776405 7.962236
R 56.519582 1.007759 6.440061 1477010450700000 31.271858 47.030607 -0.848033 7.954926
L 31.331738 47.080017 1477010450750000 31.229456 47.428353 -0.919592 7.946971
R 57.027167 0.961622 6.092937 1477010450800000 31.183476 47.825702 -0.991077 7.938373
L 31.012448 48.490335 1477010450850000 31.133923 48.222620 -1.062481 7.929132
R 57.242511 1.035188 6.013803 1477010450900000 31.080799 48.619077 -1.133799 7.919249
L 31.094204 48.968907 1477010450950000 31.024109 49.015040 -1.205025 7.908724
R 58.185058 0.986597 6.420415 1477010451000000 30.963857 49.410476 -1.276154 7.897559
L 30.923757 49.772534 1477010451050000 30.900050 49.805354 -1.347180 7.885753
R 59.036677 1.027153 5.863946 1477010451100000 30.832691 50.199641 -1.418096 7.873310
L 30.812937 50.671923 1477010451150000 30.761786 50.593307 -1.488897 7.860228
R 60.036368 0.997322 5.304633 1477010451200000 30.687341 50.986318 -1.559578 7.846510
L 30.547033 51.661862 1477010451250000 30.609362 51.378644 -1.630133 7.832156
R 60.285618 1.036035 5.763520 1477010451300000 30.527855 51.770251 -1.700555 7.817168
L 30.227449 52.371939 1477010451350000 30.442828 52.161110 -1.770840 7.801546
R 61.017088 1.098599 5.526898 1477010451400000 30.354286 52.551187 -1.840981 7.785293
L 30.477000 53.082381 1477010451450000 30.262237 52.940452 -1.910973 7.768409
R 61.476915 1.025542 5.798712 1477010451500000 30.166688 53.328872 -1.980810 7.750896
L 29.975633 53.731584 1477010451550000 30.067647 53.716417 -2.050487 7.732755
R 61.338424 1.032921 5.592438 1477010451600000 29.965123 54.103055 -2.119998 7.713988
L 29.560688 54.530516 1477010451650000 29.859123 54.488754 -2.189337 7.694596
R 62.644587 1.061035 5.615388 1477010451700000 29.749656 54.873484 -2.258499 7.674580
L 29.625346 55.418250 1477010451750000 29.636731 55.257213 -2.327478 7.653943
R 63.216365 1.112696 5.798270 1477010451800000 29.520358 55.639910 -2.396268 7.632686
L 29.443718 56.133518 1477010451850000 29.400544 56.021545 -2.464864 7.610811
R 63.938879 1.166853 5.877051 1477010451900000 29.277301 56.402085 -2.533261 7.588319
L 29.085890 56.709669 1477010451950000 29.150638 56.781501 -2.601452 7.565213
R 63.861017 1.111023 5.676931 1477010452000000 29.020565 57.159762 -2.669433 7.541494
L 28.765554 57.479422 1477010452050000 28.887094 57.536836 -2.737197 7.517164
R 64.792443 1.143012 5.453595 1477010452100000 28.750234 57.912695 -2.804740 7.492225
L 28.946315 58.386713 1477010452150000 28.609997 58.287306 -2.872055 7.466679
R 65.338532 1.089729 5.716449 1477010452200000 28.466394 58.660640 -2.939138 7.440529
L 28.269344 59.016760 1477010452250000 28.319437 59.032666 -3.005983 7.413775
R 65.226985 1.164499 5.965149 1477010452300000 28.169138 59.403355 -3.072584 7.386422
L 28.044045 59.733208 1477010452350000 28.015509 59.772676 -3.138937 7.358470
R 66.282414 1.125173 5.525019 1477010452400000 27.858562 60.140600 -3.205035 7.329922
L 27.780499 60.481403 1477010452450000 27.698310 60.507096 -3.270874 7.300780
R 66.458885 1.132296 5.215985 1477010452500000 27.534766 60.872135 -3.336447 7.271047
L 27.261945 61.534099 1477010452550000 27.367944 61.235687 -3.401751 7.240725
R 66.896672 1.121061 5.112034 1477010452600000 27.197857 61.597723 -3.466779 7.209816
L 27.171174 61.893195 1477010452650000 27.024518 61.958214 -3.531526 7.178323
R 67.670282 1.188821 5.672292 1477010452700000 26.847941 62.317130 -3.595987 7.146249
L 26.609087 62.826911 1477010452750000 26.668142 62.674443 -3.660157 7.113596
R 68.723237 1.169866 4.812666 1477010452800000 26.485134 63.030122 -3.724030 7.080367
L 26.285131 63.370502 1477010452850000 26.298933 63.384141 -3.787601 7.046565
R 69.139906 1.166806 5.765443 1477010452900000 26.109553 63.736469 -3.850866 7.012191
L 26.109563 64.114860 1477010452950000 25.917009 64.087079 -3.913819 6.977250
R 69.459795 1.185051 4.564410 1477010453000000 25.721318 64.435941 -3.976455 6.941744
R 69.929794 1.217497 4.886645 1477010453100000 25.320557 65.128312 -4.100756 6.869047
R 70.674704 1.211690 4.857895 1477010453200000 24.907399 65.813357 -4.223727 6.794124
R 70.613462 1.240725 4.375363 1477010453300000 24.481977 66.490856 -4.345331 6.717001
R 71.250119 1.216440 5.221291 1477010453400000 24.044430 67.160587 -4.465526 6.637701
R 71.442338 1.237882 4.974719 1477010453500000 23.594900 67.822334 -4.584275 6.556251
R 72.200790 1.280146 4.610504 1477010453600000 23.133531 68.475883 -4.701539 6.472676
R 72.834881 1.282473 4.821567 1477010453700000 22.660474 69.121022 -4.817279 6.387004
R 73.001838 1.300214 4.330774 1477010453800000 22.175882 69.757541 -4.931458 6.299263
R 74.230282 1.255529 4.637939 1477010453900000 21.679912 70.385236 -5.044040 6.209481
R 73.984746 1.320664 4.753485 1477010454000000 21.172724 71.003902 -5.154988 6.117688
R 74.682428 1.309694 3.640342 1477010454100000 20.654482 71.613338 -5.264265 6.023912
R 74.760142 1.303012 4.246798 1477010454200000 20.125356 72.213348 -5.371837 5.928184
R 75.421897 1.324406 4.774853 1477010454300000 19.585515 72.803737 -5.477668 5.830536
R 75.886560 1.317597 4.224760 1477010454400000 19.035136 73.384314 -5.581725 5.730999
R 76.493313 1.355766 4.276275 1477010454500000 18.474396 73.954891 -5.683973 5.629605
R 77.138504 1.347802 4.139589 1477010454600000 17.903477 74.515282 -5.784380 5.526387
R 76.904112 1.373086 3.911882 1477010454700000 17.322564 75.065307 -5.882912 5.421379
R 77.893615 1.339335 4.123074 1477010454800000 16.731845 75.604786 -5.979539 5.314614
R 77.881986 1.330944 2.728833 1477010454900000 16.131512 76.133546 -6.074228 5.206127
R 78.317586 1.364669 3.566871 1477010455000000 15.521758 76.651415 -6.166949 5.095953
R 78.282397 1.403857 3.689845 1477010455100000 14.902783 77.158225 -6.257672 4.984129
R 78.446632 1.449497 3.398958 1477010455200000 14.274785 77.653812 -6.346368 4.870689
R 79.048408 1.409005 3.142481 1477010455300000 13.637970 78.138015 -6.433008 4.755672
R 79.695187 1.461237 3.584279 1477010455400000 12.992542 78.610678 -6.517563 4.639113
R 80.044616 1.426007 3.338572 1477010455500000 12.338711 79.071647 -6.600007 4.521052
R 79.837080 1.425520 3.515786 1477010455600000 11.676690 79.520773 -6.680312 4.401526
R 80.559665 1.408476 3.312219 1477010455700000 11.006691 79.957911 -6.758453 4.280574
R 81.008092 1.478808 3.380096 1477010455800000 10.328933 80.382918 -6.834404 4.158235
R 81.456964 1.442764 2.762637 1477010455900000 9.643636 80.795658 -6.908141 4.034549
R 81.413002 1.466278 3.294491 1477010456000000 8.951020 81.195996 -6.979640 3.909555
L 8.665991 81.200922 1477010456050000 8.602038 81.391473 -7.014543 3.846581
R 82.340551 1.449372 3.201869 1477010456100000 8.251311 81.583802 -7.048878 3.783295
L 8.039919 81.678301 1477010456150000 7.898867 81.772967 -7.082642 3.719703
R 82.659194 1.434289 2.866385 1477010456200000 7.544735 81.958952 -7.115832 3.655809
L 7.015051 82.292369 1477010456250000 7.188943 82.141743 -7.148445 3.591620
R 82.764519 1.558656 3.222651 1477010456300000 6.831521 82.321324 -7.180480 3.527139
L 6.512591 82.280825 1477010456350000 6.472497 82.497681 -7.211933 3.462373
R 82.729872 1.496764 2.752691 1477010456400000 6.111900 82.670799 -7.242802 3.397326
L 5.901985 82.776805 1477010456450000 5.749760 82.840666 -7.273084 3.332004
R 82.962959 1.486855 2.448173 1477010456500000 5.386106 83.007266 -7.302777 3.266412
L 4.712376 83.266863 1477010456550000 5.020967 83.170586 -7.331879 3.200556
R 83.704168 1.509726 2.601336 1477010456600000 4.654373 83.330614 -7.360386 3.134440
L 3.992202 83.855555 1477010456650000 4.286354 83.487336 -7.388298 3.068071
R 83.971619 1.506597 2.427120 1477010456700000 3.916939 83.640740 -7.415611 3.001453
L 3.541735 84.048091 1477010456750000 3.546159 83.790812 -7.442323 2.934591
R 83.794461 1.518276 2.210248 1477010456800000 3.174042 83.937542 -7.468433 2.867493
L 2.706215 84.240134 1477010456850000 2.800621 84.080917 -7.493937 2.800161
R 84.248976 1.510698 3.165521 1477010456900000 2.425924 84.220925 -7.518835 2.732604
L 1.940424 84.475804 1477010456950000 2.049982 84.357555 -7.543123 2.664824
R 84.762539 1.500460 1.979530 1477010457000000 1.672826 84.490796 -7.566801 2.596829
L 1.303453 84.507785 1477010457050000 1.294486 84.620638 -7.589866 2.528624
R 85.072478 1.572332 1.714574 1477010457100000 0.914993 84.747069 -7.612316 2.460213
L 0.815606 84.706957 1477010457150000 0.534377 84.870079 -7.634149 2.391604
R 84.901221 1.592499 2.380348 1477010457200000 0.152669 84.989660 -7.655364 2.322801
L -0.217214 85.122267 1477010457250000 -0.230099 85.105800 -7.675959 2.253809
R 85.286062 1.598198 1.816545 1477010457300000 -0.613897 85.218490 -7.695932 2.184635
L -0.935045 85.335046 1477010457350000 -0.998693 85.327722 -7.715282 2.115284
R 85.769010 1.605544 1.730993 1477010457400000 -1.384457 85.433486 -7.734007 2.045762
L -2.053403 85.657229 1477010457450000 -1.771158 85.535774 -7.752105 1.976074
R 85.271192 1.621161 2.487317 1477010457500000 -2.158763 85.634578 -7.769575 1.906226
L -2.554859 85.781812 1477010457550000 -2.547242 85.729889 -7.786417 1.836224
R 85.213933 1.639982 1.851794 1477010457600000 -2.936563 85.821700 -7.802627 1.766072
L -3.179470 85.951067 1477010457650000 -3.326694 85.910004 -7.818205 1.695778
R 86.238858 1.592556 1.803618 1477010457700000 -3.717604 85.994793 -7.833151 1.625347
L -4.653249 86.126095 1477010457750000 -4.109262 86.076060 -7.847461 1.554783
R 85.850774 1.621304 1.235369 1477010457800000 -4.501635 86.153799 -7.861136 1.484094
L -5.019563 86.102313 1477010457850000 -4.894692 86.228004 -7.874175 1.413285
R 86.369571 1.602891 1.787440 1477010457900000 -5.288400 86.298668 -7.886575 1.342361
L -5.289037 86.319845 1477010457950000 -5.682729 86.365786 -7.898337 1.271328
R 86.388973 1.637320 1.778683 1477010458000000 -6.077646 86.429353 -7.909459 1.200193
L -6.191984 86.370907 1477010458050000 -6.473119 86.489362 -7.919940 1.128960
R 86.906454 1.594735 1.800264 1477010458100000 -6.869116 86.545810 -7.929780 1.057636
L -7.312673 86.358801 1477010458150000 -7.265605 86.598692 -7.938977 0.986226
R 87.325679 1.596509 1.389754 1477010458200000 -7.662554 86.648004 -7.947532 0.914736
L -8.248589 86.530239 1477010458250000 -8.059930 86.693740 -7.955442 0.843172
R 87.207386 1.596625 1.565769 1477010458300000 -8.457702 86.735899 -7.962708 0.771540
L -8.687047 86.656084 1477010458350000 -8.855838 86.774476 -7.969330 0.699846
R 87.440614 1.690259 1.592627 1477010458400000 -9.254304 86.809468 -7.975305 0.628094
L -9.668093 86.856831 1477010458450000 -9.653070 86.840873 -7.980635 0.556292
R 87.096012 1.680863 0.806796 1477010458500000 -10.052101 86.868688 -7.985319 0.484445
L -10.264397 86.891748 1477010458550000 -10.451367 86.892910 -7.989355 0.412558
R 87.114093 1.728905 1.209656 1477010458600000 -10.850835 86.913538 -7.992745 0.340638
L -11.269867 86.963062 1477010458650000 -11.250472 86.930570 -7.995487 0.268691
R 87.299482 1.720112 1.079263 1477010458700000 -11.650247 86.944004 -7.997581 0.196721
L -11.812259 86.645976 1477010458750000 -12.050126 86.953840 -7.999027 0.124736
R 88.373984 1.708149 1.404539 1477010458800000 -12.450077 86.960077 -7.999826 0.052741
L -12.992502 87.019775 1477010458850000 -12.850068 86.962714 -7.999977 -0.019259
R 87.997690 1.737360 1.087824 1477010458900000 -13.250067 86.961751 -7.999479 -0.091257
L -13.423364 87.152817 1477010458950000 -13.650041 86.957188 -7.998334 -0.163247
R 88.324319 1.751007 0.878051 1477010459000000 -14.049958 86.949026 -7.996541 -0.235225
L -14.091396 86.979520 1477010459050000 -14.449785 86.937265 -7.994100 -0.307183
R 88.126164 1.746925 0.594119 1477010459100000 -14.849490 86.921906 -7.991012 -0.379117
L -15.357823 87.052047 1477010459150000 -15.249041 86.902950 -7.987276 -0.451020
R 88.047947 1.788950 0.755302 1477010459200000 -15.648404 86.880399 -7.982894 -0.522886
L -15.695977 86.921623 1477010459250000 -16.047549 86.854254 -7.977864 -0.594710
R 88.284946 1.776318 0.965097 1477010459300000 -16.446442 86.824519 -7.972189 -0.666485
L -16.884603 86.850813 1477010459350000 -16.845052 86.791195 -7.965868 -0.738207
R 88.537857 1.689960 0.402917 1477010459400000 -17.243345 86.754284 -7.958901 -0.809869
L -17.509410 86.559394 1477010459450000 -17.641290 86.713791 -7.951290 -0.881465
R 88.910884 1.769829 0.691633 1477010459500000 -18.038855 86.669718 -7.943035 -0.952990
L -18.564345 86.611000 1477010459550000 -18.436006 86.622068 -7.934137 -1.024438
R 88.928335 1.841040 0.315089 1477010459600000 -18.832713 86.570846 -7.924596 -1.095803
L -19.160513 86.277574 1477010459650000 -19.228943 86.516056 -7.914413 -1.167079
R 88.018882 1.748240 0.547516 1477010459700000 -19.624664 86.457702 -7.903589 -1.238260
L -20.057463 86.410630 1477010459750000 -20.019843 86.395789 -7.892124 -1.309342
R 89.059108 1.832789 0.433626 1477010459800000 -20.414449 86.330322 -7.880021 -1.380317
L -20.951599 86.172275 1477010459850000 -20.808450 86.261306 -7.867279 -1.451180
R 88.743824 1.828136 0.355674 1477010459900000 -21.201814 86.188747 -7.853900 -1.521926
L -21.580676 85.847783 1477010459950000 -21.594509 86.112651 -7.839885 -1.592548
R 88.647608 1.813341 -0.371057 1477010460000000 -21.986504 86.033023 -7.825234 -1.663042
L -22.550170 85.842050 1477010460050000 -22.377765 85.949871 -7.809950 -1.733401
R 88.845059 1.827117 -0.376646 1477010460100000 -22.768263 85.863201 -7.794034 -1.803619
L -23.153855 85.978539 1477010460150000 -23.157964 85.773020 -7.777486 -1.873691
R 89.080234 1.814020 -0.152904 1477010460200000 -23.546839 85.679336 -7.760308 -1.943612
L -23.726583 85.498036 1477010460250000 -23.934854 85.582155 -7.742501 -2.013375
R 88.671064 1.792022 0.616776 1477010460300000 -24.321979 85.481486 -7.724067 -2.082975
L -24.738718 85.150583 1477010460350000 -24.708183 85.377338 -7.705008 -2.152406
R 88.729888 1.859317 0.404519 1477010460400000 -25.093433 85.269717 -7.685324 -2.221663
L -25.463128 85.019189 1477010460450000 -25.477699 85.158634 -7.665019 -2.290740
R 89.020216 1.855855 -0.009917 1477010460500000 -25.860950 85.044097 -7.644092 -2.359632
L -26.224422 84.880421 1477010460550000 -26.243155 84.926116 -7.622546 -2.428332
R 88.785223 1.818516 0.146989 1477010460600000 -26.624282 84.804699 -7.600382 -2.496836
L -27.080441 84.687437 1477010460650000 -27.004301 84.679857 -7.577603 -2.565137
R 89.003702 1.869819 0.053039 1477010460700000 -27.383181 84.551600 -7.554210 -2.633231
L -27.676961 84.569380 1477010460750000 -27.760892 84.419939 -7.530206 -2.701111
R 88.975255 1.919543 0.184311 1477010460800000 -28.137402 84.284883 -7.505591 -2.768773
L -28.605667 83.906586 1477010460850000 -28.512682 84.146445 -7.480369 -2.836210
R 88.710987 1.909282 -0.663372 1477010460900000 -28.886700 84.004634 -7.454540 -2.903417
L -29.343573 83.957860 1477010460950000 -29.259427 83.859463 -7.428108 -2.970390
R 89.205587 1.899189 -0.179641 1477010461000000 -29.630832 83.710944 -7.401074 -3.037122
L -29.936079 83.423120 1477010461050000 -30.000886 83.559088 -7.373440 -3.103607
R 88.683527 1.940550 -0.459753 1477010461100000 -30.369558 83.403907 -7.345210 -3.169842
L -30.660321 83.046326 1477010461150000 -30.736819 83.245415 -7.316384 -3.235819
R 88.678884 1.903056 -0.937736 1477010461200000 -31.102638 83.083624 -7.286966 -3.301535
L -31.450542 82.871330 1477010461250000 -31.466986 82.918548 -7.256957 -3.366983
R 88.236842 1.962546 -1.135115 1477010461300000 -31.829834 82.750198 -7.226361 -3.432158
L -32.345925 82.743308 1477010461350000 -32.191152 82.578590 -7.195179 -3.497056
R 88.757483 1.972054 -0.824510 1477010461400000 -32.550911 82.403738 -7.163415 -3.561670
L -32.920120 81.943482 1477010461450000 -32.909082 82.225654 -7.131070 -3.625995
R 88.167418 1.991085 -0.631481 1477010461500000 -33.265635 82.044354 -7.098148 -3.690027
L -33.625947 81.974809 1477010461550000 -33.620542 81.859853 -7.064650 -3.753760
R 88.712097 1.928942 -0.811698 1477010461600000 -33.973775 81.672165 -7.030581 -3.817189
L -34.268945 81.318269 1477010461650000 -34.325304 81.481306 -6.995942 -3.880309
R 88.514087 1.954524 -0.598972 1477010461700000 -34.675101 81.287290 -6.960736 -3.943115
L -34.958204 81.071673 1477010461750000 -35.023138 81.090134 -6.924967 -4.005601
R 87.924616 2.007543 -0.980902 1477010461800000 -35.369386 80.889854 -6.888636 -4.067762
L -35.764446 80.592632 1477010461850000 -35.713818 80.686466 -6.851748 -4.129594
R 88.224347 2.020677 -0.934652 1477010461900000 -36.056405 80.479987 -6.814305 -4.191092
L -36.239771 80.362531 1477010461950000 -36.397121 80.270432 -6.776309 -4.252250
R 87.988294 2.011705 -1.037063 1477010462000000 -36.735936 80.057819 -6.737765 -4.313064
L -37.062978 79.822135 1477010462050000 -37.072824 79.842166 -6.698675 -4.373528
R 88.075118 2.039990 -0.845728 1477010462100000 -37.407758 79.623490 -6.659043 -4.433639
L -37.904093 79.506231 1477010462150000 -37.740710 79.401808 -6.618871 -4.493390
R 88.240251 2.004603 -1.076295 1477010462200000 -38.071654 79.177138 -6.578163 -4.552777
L -38.426340 78.901208 1477010462250000 -38.400562 78.949500 -6.536922 -4.611795
R 88.078833 2.061139 -1.290333 1477010462300000 -38.727408 78.718910 -6.495152 -4.670440
L -39.002317 78.247408 1477010462350000 -39.052166 78.485388 -6.452855 -4.728706
R 86.941061 2.000834 -1.940114 1477010462400000 -39.374808 78.248953 -6.410036 -4.786589
L -39.826116 78.183186 1477010462450000 -39.695310 78.009623 -6.366698 -4.844085
R 87.799335 2.095961 -1.191680 1477010462500000 -40.013645 77.767419 -6.322844 -4.901188
L -40.395413 77.373295 1477010462550000 -40.329787 77.522359 -6.278477 -4.957895
R 87.311229 2.120522 -2.056111 1477010462600000 -40.643711 77.274465 -6.233603 -5.014199
L -40.776275 77.071149 1477010462650000 -40.955391 77.023755 -6.188223 -5.070098
R 86.800551 2.038636 -1.794580 1477010462700000 -41.264802 76.770250 -6.142342 -5.125586
L -41.692722 76.286956 1477010462750000 -41.571920 76.513970 -6.095964 -5.180659
R 86.963591 2.084563 -1.933701 1477010462800000 -41.876718 76.254938 -6.049092 -5.235312
L -42.236078 75.849924 1477010462850000 -42.179172 75.993172 -6.001729 -5.289541
R 87.049620 2.066627 -1.816103 1477010462900000 -42.479259 75.728695 -5.953881 -5.343342
L -42.562013 75.537043 1477010462950000 -42.776953 75.461528 -5.905551 -5.396709
R 87.210449 2.125771 -1.666502 1477010463000000 -43.072230 75.191692 -5.856742 -5.449640
L -43.437098 74.970102 1477010463050000 -43.365068 74.919210 -5.807458 -5.502129
R 86.814980 2.082131 -2.099770 1477010463100000 -43.655440 74.644104 -5.757705 -5.554173
L -44.105559 74.390604 1477010463150000 -43.943326 74.366395 -5.707485 -5.605767
R 86.026811 2.113801 -1.841587 1477010463200000 -44.228700 74.086107 -5.656802 -5.656906
L -44.368664 73.822964 1477010463250000 -44.511540 73.803262 -5.605662 -5.707588
R 86.207937 2.094205 -2.272958 1477010463300000 -44.791823 73.517882 -5.554067 -5.757807
L -44.831168 73.263095 1477010463350000 -45.069526 73.229992 -5.502023 -5.807559
R 85.954037 2.157912 -2.312952 1477010463400000 -45.344628 72.939614 -5.449532 -5.856842
L -45.440051 72.901590 1477010463450000 -45.617104 72.646772 -5.396601 -5.905650
R 86.153499 2.150762 -2.097396 1477010463500000 -45.886934 72.351489 -5.343232 -5.953979
L -46.090821 72.033440 1477010463550000 -46.154096 72.053790 -5.289431 -6.001827
R 85.102163 2.173013 -2.716928 1477010463600000 -46.418567 71.753699 -5.235201 -6.049188
L -46.746772 71.441114 1477010463650000 -46.680327 71.451240 -5.180547 -6.096059
R 84.843811 2.147574 -1.936990 1477010463700000 -46.939355 71.146437 -5.125473 -6.142436
L -47.174197 71.062326 1477010463750000 -47.195628 70.839315 -5.069984 -6.188316
R 85.178655 2.118136 -2.165866 1477010463800000 -47.449128 70.529899 -5.014085 -6.233695
L -47.855334 70.500558 1477010463850000 -47.699832 70.218214 -4.957779 -6.278569
R 84.577797 2.168774 -2.143026 1477010463900000 -47.947721 69.904286 -4.901072 -6.322934
L -48.164149 69.478416 1477010463950000 -48.192775 69.588139 -4.843968 -6.366787
R 84.596647 2.193222 -2.637698 1477010464000000 -48.434973 69.269800 -4.786472 -6.410124
L -48.926852 68.985972 1477010464050000 -48.674296 68.949294 -4.728587 -6.452942
R 84.222795 2.176633 -2.877679 1477010464100000 -48.910726 68.626647 -4.670320 -6.495237
L -48.944150 68.171611 1477010464150000 -49.144242 68.301885 -4.611675 -6.537007
R 84.165881 2.173235 -2.696009 1477010464200000 -49.374826 67.975034 -4.552656 -6.578246
L -49.788353 67.450076 1477010464250000 -49.602458 67.646122 -4.493268 -6.618953
R 83.672261 2.237309 -3.117320 1477010464300000 -49.827122 67.315174 -4.433516 -6.659124
L -49.757980 66.883081 1477010464350000 -50.048798 66.982218 -4.373405 -6.698756
R 83.876611 2.184616 -3.136395 1477010464400000 -50.267468 66.647280 -4.312940 -6.737844
L -50.547835 66.252759 1477010464450000 -50.483115 66.310388 -4.252126 -6.776387
R 83.117269 2.210112 -2.625048 1477010464500000 -50.695721 65.971569 -4.190967 -6.814382
L -50.751534 65.615117 1477010464550000 -50.905270 65.630850 -4.129469 -6.851824
R 83.676835 2.260841 -2.500301 1477010464600000 -51.111743 65.288259 -4.067636 -6.888711
L -51.256327 65.164945 1477010464650000 -51.315125 64.943823 -4.005473 -6.925040
R 82.349680 2.260648 -2.922685 1477010464700000 -51.515398 64.597571 -3.942987 -6.960809
L -51.933333 63.962149 1477010464750000 -51.712548 64.249531 -3.880181 -6.996013
R 82.122404 2.290051 -3.758212 1477010464800000 -51.906557 63.899730 -3.817060 -7.030651
L -51.871701 63.671571 1477010464850000 -52.097410 63.548197 -3.753631 -7.064719
R 82.222675 2.253982 -3.362142 1477010464900000 -52.285091 63.194961 -3.689897 -7.098215
L -52.474723 63.062395 1477010464950000 -52.469586 62.840051 -3.625864 -7.131136
R 81.736388 2.262764 -3.049528 1477010465000000 -52.650879 62.483494 -3.561538 -7.163480
L -52.861202 62.163632 1477010465050000 -52.828956 62.125320 -3.496924 -7.195243
R 80.842981 2.298909 -3.566104 1477010465100000 -53.003802 61.765558 -3.432026 -7.226424
L -52.981986 61.467375 1477010465150000 -53.175404 61.404236 -3.366850 -7.257019
R 81.129066 2.305165 -3.411429 1477010465200000 -53.343746 61.041386 -3.301401 -7.287026
L -53.461392 60.633840 1477010465250000 -53.508816 60.677034 -3.235685 -7.316443
R 80.448401 2.315095 -3.616030 1477010465300000 -53.670601 60.311212 -3.169707 -7.345268
L -53.849157 59.804800 1477010465350000 -53.829086 59.943949 -3.103472 -7.373497
R 80.561288 2.276297 -3.513436 1477010465400000 -53.984259 59.575274 -3.036986 -7.401130
L -54.284036 59.322223 1477010465450000 -54.136109 59.205217 -2.970253 -7.428162
R 80.168956 2.309709 -3.351427 1477010465500000 -54.284621 58.833809 -2.903281 -7.454593
L -54.491352 58.636484 1477010465550000 -54.429785 58.461080 -2.836073 -7.480421
R 79.182660 2.293220 -4.314087 1477010465600000 -54.571589 58.087059 -2.768635 -7.505642
L -54.708640 57.876879 1477010465650000 -54.710021 57.711776 -2.700973 -7.530255
R 79.688711 2.323255 -3.880262 1477010465700000 -54.845069 57.335264 -2.633092 -7.554259
L -54.953887 56.764978 1477010465750000 -54.976724 56.957551 -2.564998 -7.577650
R 78.684312 2.387050 -4.005293 1477010465800000 -55.104974 56.578668 -2.496696 -7.600428
L -55.033992 55.910070 1477010465850000 -55.229809 56.198647 -2.428192 -7.622590
R 78.757122 2.383595 -3.447260 1477010465900000 -55.351218 55.817517 -2.359491 -7.644135
L -55.456609 55.713917 1477010465950000 -55.469193 55.435311 -2.290600 -7.665061
R 78.316668 2.391498 -3.875457 1477010466000000 -55.583723 55.052058 -2.221522 -7.685365
L -55.401475 54.600488 1477010466050000 -55.694799 54.667789 -2.152265 -7.705047
R 77.297491 2.384602 -3.841318 1477010466100000 -55.802412 54.282537 -2.082833 -7.724106
L -55.772692 53.874241 1477010466150000 -55.906554 53.896332 -2.013233 -7.742538
R 77.703975 2.395790 -3.679271 1477010466200000 -56.007216 53.509205 -1.943469 -7.760343
L -55.853890 53.105819 1477010466250000 -56.104389 53.121188 -1.873549 -7.777520
R 76.883811 2.390380 -3.839554 1477010466300000 -56.198066 52.732312 -1.803476 -7.794067
L -56.384412 52.272189 1477010466350000 -56.288240 52.342608 -1.733257 -7.809982
R 76.396286 2.313800 -3.927901 1477010466400000 -56.374903 51.952109 -1.662898 -7.825265
L -56.596995 51.939466 1477010466450000 -56.458048 51.560846 -1.592404 -7.839914
R 76.387832 2.412375 -4.188485 1477010466500000 -56.537668 51.168850 -1.521782 -7.853928
L -56.375401 50.654994 1477010466550000 -56.613757 50.776154 -1.451036 -7.867306
R 75.617860 2.424631 -4.450998 1477010466600000 -56.686309 50.382789 -1.380172 -7.880046
L -56.680334 50.078870 1477010466650000 -56.755318 49.988786 -1.309197 -7.892148
R 74.755431 2.458432 -4.318451 1477010466700000 -56.820778 49.594179 -1.238115 -7.903611
L -56.948980 49.126947 1477010466750000 -56.882683 49.198998 -1.166934 -7.914434
R 74.812341 2.475815 -4.018470 1477010466800000 -56.941030 48.803277 -1.095657 -7.924616
L -56.674585 48.500540 1477010466850000 -56.995813 48.407046 -1.024292 -7.934156
R 75.636897 2.389213 -5.345947 1477010466900000 -57.047027 48.010338 -0.952844 -7.943053
L -57.086601 47.798834 1477010466950000 -57.094670 47.613185 -0.881319 -7.951307
R 74.002939 2.487314 -4.449602 1477010467000000 -57.138736 47.215620 -0.809723 -7.958916
L -57.428822 46.587210 1477010467050000 -57.179222 46.817674 -0.738061 -7.965881
R 73.767305 2.473815 -4.486756 1477010467100000 -57.216125 46.419380 -0.666339 -7.972201
L -57.411715 45.986066 1477010467150000 -57.249442 46.020770 -0.594563 -7.977875
R 73.789464 2.440386 -4.987624 1477010467200000 -57.279170 45.621876 -0.522739 -7.982903
L -57.409344 45.259837 1477010467250000 -57.305307 45.222731 -0.450873 -7.987285
R 73.652540 2.420747 -4.322649 1477010467300000 -57.327851 44.823367 -0.378970 -7.991019
L -57.388467 44.258390 1477010467350000 -57.346799 44.423816 -0.307036 -7.994106
R 71.543532 2.547121 -4.214741 1477010467400000 -57.362151 44.024111 -0.235078 -7.996545
L -57.334282 43.794216 1477010467450000 -57.373905 43.624283 -0.163101 -7.998337
R 71.439726 2.496077 -5.010346 1477010467500000 -57.382060 43.224367 -0.091110 -7.999481
L -57.320817 42.662009 1477010467550000 -57.386615 42.824392 -0.019112 -7.999977
R 71.540817 2.495267 -4.815180 1477010467600000 -57.387571 42.424394 0.052888 -7.999825
L -57.550596 42.045517 1477010467650000 -57.384926 42.024402 0.124883 -7.999025
R 70.842079 2.490373 -5.096995 1477010467700000 -57.378682 41.624451 0.196868 -7.997577
L -57.429215 41.545650 1477010467750000 -57.368839 41.224572 0.268838 -7.995482
R 70.622374 2.555018 -4.825576 1477010467800000 -57.355397 40.824798 0.340785 -7.992738
L -57.113437 40.370120 1477010467850000 -57.338358 40.425161 0.412705 -7.989348
R 70.150799 2.561229 -5.229504 1477010467900000 -57.317723 40.025694 0.484591 -7.985310
L -57.170505 39.597276 1477010467950000 -57.293493 39.626428 0.556439 -7.980625
R 69.074217 2.564124 -4.850034 1477010468000000 -57.265671 39.227397 0.628241 -7.975294
